0.38	0.404	0.411	0.41	0.33	0.4	0.58	0.41	0.54	0.41	0.37	0.55	0.29	0.36	0.35
0.44	0.395	0.404	0.34	0.45	0.37	0.63	0.44	0.47	0.42	0.34	0.58	0.29	0.41	0.24
0.48	0.382	0.399	0.35	0.44	0.35	0.68	0.41	0.54	0.45	0.26	0.62	0.23	0.45	0.23
0.5	0.433	0.435	0.4	0.41	0.47	0.54	0.49	0.47	0.38	0.46	0.49	0.37	0.4	0.36
0.53	0.397	0.406	0.32	0.53	0.37	0.65	0.5	0.41	0.46	0.29	0.61	0.26	0.42	0.29
0.54	0.4	0.407	0.35	0.47	0.37	0.66	0.59	0.32	0.37	0.39	0.5	0.35	0.43	0.25
0.56	0.414	0.422	0.43	0.32	0.35	0.73	0.52	0.43	0.44	0.29	0.5	0.42	0.41	0.34
0.58	0.405	0.411	0.41	0.32	0.35	0.71	0.56	0.37	0.38	0.45	0.59	0.3	0.38	0.32
0.59	0.409	0.415	0.33	0.55	0.44	0.54	0.58	0.35	0.36	0.49	0.54	0.3	0.43	0.25
0.6	0.42	0.426	0.35	0.5	0.42	0.58	0.52	0.43	0.4	0.41	0.47	0.4	0.46	0.23
0.61	0.401	0.408	0.4	0.36	0.37	0.64	0.63	0.28	0.35	0.52	0.52	0.32	0.38	0.32
0.62	0.404	0.412	0.31	0.62	0.42	0.57	0.54	0.36	0.42	0.42	0.59	0.27	0.44	0.24
0.63	0.409	0.418	0.34	0.51	0.39	0.63	0.51	0.43	0.4	0.43	0.58	0.29	0.46	0.21
0.64	0.411	0.418	0.37	0.43	0.37	0.66	0.49	0.44	0.42	0.35	0.52	0.35	0.42	0.27
0.64	0.414	0.415	0.31	0.59	0.46	0.51	0.54	0.34	0.43	0.39	0.55	0.29	0.39	0.36
0.65	0.422	0.424	0.38	0.4	0.44	0.56	0.47	0.45	0.44	0.38	0.56	0.31	0.34	0.44
0.65	0.417	0.42	0.34	0.53	0.44	0.52	0.51	0.4	0.39	0.45	0.58	0.27	0.4	0.34
0.66	0.405	0.411	0.38	0.41	0.35	0.67	0.62	0.29	0.4	0.39	0.5	0.42	0.41	0.28
0.67	0.413	0.42	0.33	0.56	0.42	0.6	0.49	0.42	0.41	0.39	0.57	0.3	0.44	0.25
0.67	0.418	0.426	0.38	0.43	0.43	0.55	0.48	0.46	0.37	0.5	0.48	0.4	0.47	0.21
0.68	0.415	0.422	0.35	0.53	0.47	0.5	0.58	0.32	0.37	0.49	0.43	0.47	0.47	0.23
0.68	0.415	0.42	0.32	0.59	0.44	0.55	0.58	0.34	0.4	0.44	0.53	0.35	0.42	0.26
0.69	0.416	0.422	0.33	0.55	0.44	0.54	0.5	0.45	0.39	0.45	0.56	0.32	0.44	0.22
0.69	0.431	0.435	0.39	0.41	0.44	0.56	0.49	0.45	0.41	0.38	0.45	0.5	0.41	0.31
0.69	0.4	0.408	0.32	0.57	0.38	0.63	0.54	0.36	0.42	0.37	0.56	0.29	0.44	0.23
0.7	0.407	0.412	0.32	0.54	0.46	0.48	0.48	0.45	0.38	0.46	0.63	0.22	0.41	0.32
0.7	0.413	0.421	0.34	0.52	0.42	0.6	0.5	0.42	0.4	0.44	0.54	0.33	0.44	0.22
0.7	0.409	0.419	0.35	0.51	0.42	0.54	0.48	0.47	0.38	0.5	0.59	0.25	0.43	0.24
0.71	0.416	0.422	0.35	0.48	0.42	0.57	0.51	0.41	0.39	0.44	0.49	0.4	0.46	0.23
0.71	0.395	0.403	0.31	0.58	0.38	0.61	0.59	0.3	0.43	0.39	0.57	0.29	0.41	0.24
0.71	0.42	0.424	0.32	0.59	0.49	0.48	0.47	0.45	0.41	0.44	0.55	0.31	0.44	0.26
0.72	0.421	0.424	0.38	0.43	0.39	0.62	0.52	0.39	0.45	0.33	0.5	0.4	0.38	0.36
0.72	0.424	0.427	0.37	0.45	0.47	0.52	0.5	0.42	0.36	0.54	0.55	0.31	0.39	0.32
0.72	0.42	0.421	0.32	0.61	0.47	0.5	0.53	0.39	0.42	0.4	0.55	0.3	0.4	0.33
0.72	0.41	0.418	0.34	0.51	0.39	0.63	0.49	0.45	0.44	0.35	0.54	0.33	0.44	0.24
0.72	0.397	0.406	0.33	0.53	0.37	0.65	0.54	0.34	0.42	0.4	0.58	0.27	0.41	0.24
0.72	0.414	0.417	0.31	0.59	0.49	0.47	0.51	0.4	0.39	0.45	0.52	0.36	0.44	0.23
0.73	0.414	0.419	0.36	0.46	0.4	0.61	0.56	0.36	0.38	0.45	0.54	0.35	0.39	0.28
0.73	0.419	0.422	0.33	0.57	0.46	0.51	0.5	0.42	0.42	0.42	0.51	0.35	0.42	0.26
0.73	0.425	0.426	0.33	0.56	0.45	0.51	0.54	0.4	0.4	0.43	0.55	0.37	0.41	0.29
0.73	0.412	0.416	0.34	0.52	0.42	0.56	0.54	0.39	0.38	0.44	0.56	0.32	0.4	0.27
0.74	0.413	0.421	0.32	0.61	0.47	0.49	0.48	0.45	0.42	0.41	0.51	0.37	0.47	0.19
0.74	0.415	0.42	0.33	0.54	0.43	0.55	0.49	0.42	0.42	0.39	0.5	0.37	0.43	0.24
0.74	0.408	0.418	0.34	0.51	0.42	0.58	0.52	0.39	0.37	0.49	0.5	0.35	0.47	0.18
0.74	0.413	0.42	0.34	0.54	0.46	0.52	0.44	0.49	0.41	0.45	0.54	0.28	0.44	0.23
0.74	0.418	0.422	0.34	0.54	0.42	0.57	0.54	0.39	0.39	0.43	0.53	0.36	0.43	0.25
0.74	0.41	0.414	0.32	0.59	0.44	0.54	0.53	0.35	0.41	0.38	0.53	0.34	0.42	0.28
0.74	0.428	0.429	0.34	0.54	0.51	0.45	0.48	0.45	0.41	0.42	0.47	0.42	0.42	0.3
0.74	0.422	0.423	0.33	0.52	0.45	0.51	0.5	0.44	0.42	0.4	0.51	0.37	0.4	0.31
0.75	0.41	0.416	0.31	0.58	0.46	0.5	0.48	0.44	0.46	0.27	0.47	0.43	0.43	0.26
0.75	0.423	0.427	0.35	0.49	0.45	0.55	0.52	0.4	0.39	0.43	0.48	0.43	0.41	0.26
0.75	0.417	0.417	0.32	0.56	0.46	0.5	0.54	0.33	0.44	0.35	0.54	0.36	0.36	0.4
0.75	0.408	0.415	0.32	0.59	0.44	0.52	0.47	0.47	0.42	0.39	0.57	0.31	0.43	0.21
0.75	0.407	0.413	0.33	0.51	0.4	0.59	0.48	0.43	0.42	0.4	0.6	0.26	0.4	0.28
0.75	0.414	0.416	0.32	0.6	0.47	0.49	0.51	0.38	0.42	0.38	0.57	0.3	0.38	0.34
0.76	0.419	0.42	0.32	0.59	0.51	0.44	0.48	0.42	0.41	0.38	0.51	0.4	0.4	0.29
0.75	0.423	0.422	0.35	0.48	0.52	0.44	0.51	0.38	0.39	0.45	0.46	0.42	0.37	0.36
0.76	0.399	0.41	0.33	0.56	0.39	0.63	0.53	0.37	0.43	0.35	0.49	0.36	0.46	0.19
0.76	0.421	0.422	0.34	0.54	0.52	0.43	0.47	0.44	0.4	0.37	0.45	0.46	0.41	0.29
0.76	0.415	0.416	0.32	0.57	0.5	0.46	0.5	0.42	0.42	0.38	0.57	0.27	0.37	0.39
0.76	0.406	0.409	0.31	0.62	0.5	0.44	0.57	0.3	0.38	0.45	0.49	0.39	0.4	0.25
0.76	0.412	0.415	0.35	0.51	0.41	0.56	0.51	0.41	0.42	0.38	0.56	0.29	0.36	0.35
0.76	0.415	0.419	0.33	0.56	0.48	0.48	0.45	0.47	0.42	0.4	0.51	0.34	0.41	0.26
0.76	0.411	0.416	0.34	0.54	0.49	0.46	0.49	0.43	0.37	0.51	0.5	0.31	0.41	0.24
0.76	0.407	0.408	0.3	0.66	0.53	0.4	0.56	0.33	0.4	0.43	0.57	0.3	0.38	0.33
0.76	0.422	0.422	0.34	0.53	0.47	0.5	0.5	0.41	0.41	0.38	0.52	0.38	0.38	0.33
0.76	0.402	0.409	0.35	0.5	0.39	0.59	0.56	0.32	0.37	0.48	0.56	0.28	0.4	0.29
0.77	0.408	0.41	0.3	0.65	0.51	0.42	0.48	0.42	0.42	0.36	0.54	0.34	0.42	0.26
0.76	0.415	0.418	0.32	0.56	0.49	0.45	0.52	0.39	0.39	0.46	0.47	0.42	0.42	0.23
0.77	0.411	0.416	0.32	0.58	0.51	0.44	0.43	0.51	0.44	0.33	0.48	0.39	0.42	0.24
0.77	0.407	0.412	0.32	0.59	0.51	0.44	0.47	0.43	0.38	0.48	0.57	0.26	0.39	0.28
0.77	0.417	0.419	0.32	0.61	0.47	0.5	0.51	0.38	0.42	0.4	0.54	0.36	0.4	0.27
0.77	0.403	0.407	0.32	0.59	0.46	0.48	0.54	0.37	0.37	0.46	0.54	0.29	0.4	0.26
0.77	0.412	0.413	0.32	0.58	0.49	0.45	0.52	0.37	0.38	0.46	0.52	0.32	0.4	0.29
0.77	0.414	0.417	0.32	0.54	0.48	0.48	0.46	0.48	0.41	0.4	0.54	0.31	0.4	0.29
0.77	0.407	0.412	0.33	0.53	0.43	0.53	0.51	0.38	0.39	0.47	0.52	0.32	0.41	0.25
0.77	0.415	0.419	0.33	0.55	0.43	0.54	0.52	0.38	0.41	0.39	0.49	0.4	0.42	0.25
0.77	0.408	0.416	0.34	0.51	0.47	0.48	0.41	0.54	0.42	0.36	0.49	0.4	0.43	0.2
0.77	0.408	0.412	0.33	0.49	0.47	0.48	0.49	0.42	0.36	0.53	0.55	0.28	0.39	0.28
0.77	0.413	0.417	0.33	0.57	0.44	0.52	0.49	0.42	0.42	0.38	0.55	0.33	0.39	0.28
0.77	0.395	0.403	0.31	0.59	0.43	0.54	0.54	0.33	0.39	0.42	0.5	0.36	0.45	0.19
0.77	0.404	0.407	0.3	0.65	0.46	0.48	0.52	0.35	0.41	0.36	0.55	0.33	0.4	0.27
0.77	0.408	0.41	0.31	0.6	0.5	0.43	0.46	0.44	0.41	0.38	0.52	0.34	0.4	0.28
0.77	0.406	0.412	0.32	0.56	0.42	0.53	0.51	0.38	0.42	0.37	0.48	0.43	0.43	0.21
0.77	0.414	0.418	0.32	0.57	0.45	0.52	0.47	0.45	0.42	0.35	0.54	0.36	0.42	0.25
0.78	0.418	0.419	0.33	0.54	0.46	0.5	0.53	0.38	0.4	0.37	0.49	0.4	0.39	0.33
0.78	0.411	0.414	0.3	0.64	0.52	0.43	0.51	0.38	0.41	0.4	0.49	0.37	0.42	0.25
0.78	0.416	0.419	0.33	0.55	0.45	0.53	0.47	0.44	0.44	0.32	0.51	0.37	0.4	0.3
0.78	0.407	0.412	0.32	0.58	0.46	0.51	0.48	0.42	0.4	0.42	0.55	0.29	0.41	0.25
0.78	0.405	0.412	0.33	0.53	0.45	0.51	0.43	0.49	0.4	0.44	0.56	0.27	0.42	0.24
0.78	0.406	0.409	0.31	0.61	0.49	0.44	0.46	0.45	0.4	0.41	0.55	0.31	0.41	0.24
0.78	0.403	0.409	0.31	0.56	0.44	0.52	0.44	0.48	0.43	0.33	0.54	0.32	0.42	0.24
0.78	0.415	0.416	0.33	0.55	0.48	0.45	0.46	0.45	0.43	0.37	0.52	0.34	0.38	0.33
0.78	0.41	0.412	0.32	0.57	0.48	0.46	0.49	0.38	0.39	0.44	0.51	0.35	0.39	0.27
0.78	0.413	0.414	0.34	0.48	0.44	0.52	0.51	0.37	0.43	0.3	0.46	0.44	0.37	0.37
0.78	0.408	0.414	0.33	0.55	0.43	0.55	0.5	0.4	0.4	0.41	0.5	0.36	0.43	0.21
0.78	0.405	0.413	0.36	0.45	0.45	0.51	0.38	0.58	0.42	0.39	0.55	0.28	0.41	0.26
0.78	0.412	0.413	0.31	0.59	0.51	0.44	0.48	0.39	0.42	0.38	0.48	0.37	0.39	0.31
0.78	0.413	0.416	0.31	0.6	0.47	0.49	0.47	0.44	0.44	0.35	0.53	0.35	0.41	0.26
0.78	0.417	0.421	0.34	0.53	0.48	0.47	0.42	0.52	0.43	0.36	0.52	0.39	0.42	0.25
0.78	0.407	0.41	0.33	0.54	0.45	0.49	0.48	0.42	0.39	0.43	0.53	0.28	0.39	0.3
0.79	0.416	0.418	0.34	0.53	0.47	0.48	0.45	0.49	0.42	0.35	0.53	0.35	0.38	0.31
0.78	0.399	0.406	0.32	0.53	0.38	0.6	0.51	0.37	0.41	0.37	0.55	0.32	0.42	0.24
0.79	0.396	0.397	0.29	0.62	0.46	0.48	0.53	0.33	0.41	0.35	0.55	0.3	0.37	0.31
0.79	0.407	0.411	0.31	0.63	0.48	0.45	0.47	0.41	0.46	0.28	0.51	0.4	0.39	0.29
0.79	0.414	0.416	0.34	0.5	0.48	0.47	0.47	0.45	0.39	0.44	0.48	0.36	0.39	0.28
0.79	0.418	0.42	0.35	0.5	0.46	0.5	0.45	0.49	0.42	0.33	0.51	0.38	0.38	0.32
0.79	0.39	0.395	0.28	0.66	0.53	0.38	0.43	0.46	0.42	0.35	0.55	0.28	0.42	0.23
0.79	0.41	0.413	0.32	0.59	0.52	0.43	0.45	0.47	0.41	0.4	0.56	0.29	0.39	0.3
0.79	0.403	0.407	0.31	0.61	0.47	0.46	0.48	0.4	0.4	0.38	0.5	0.37	0.41	0.23
0.79	0.415	0.415	0.33	0.53	0.5	0.45	0.48	0.4	0.39	0.41	0.55	0.32	0.37	0.38
0.79	0.402	0.408	0.32	0.59	0.46	0.48	0.47	0.41	0.39	0.42	0.53	0.31	0.42	0.23
0.79	0.422	0.423	0.35	0.5	0.49	0.46	0.45	0.5	0.41	0.4	0.52	0.35	0.38	0.32
0.79	0.398	0.401	0.29	0.64	0.51	0.41	0.47	0.43	0.41	0.39	0.53	0.28	0.42	0.25
0.79	0.412	0.415	0.32	0.56	0.43	0.54	0.51	0.4	0.41	0.37	0.52	0.34	0.41	0.27
0.79	0.411	0.416	0.34	0.48	0.46	0.49	0.42	0.52	0.41	0.4	0.53	0.32	0.4	0.28
0.79	0.404	0.406	0.31	0.62	0.52	0.41	0.48	0.41	0.39	0.43	0.55	0.28	0.4	0.29
0.79	0.412	0.415	0.33	0.53	0.42	0.56	0.49	0.41	0.43	0.32	0.54	0.34	0.39	0.33
0.79	0.411	0.414	0.31	0.59	0.47	0.47	0.48	0.43	0.41	0.37	0.52	0.37	0.41	0.25
0.79	0.408	0.411	0.31	0.58	0.51	0.44	0.44	0.46	0.41	0.35	0.5	0.39	0.42	0.24
0.79	0.397	0.398	0.29	0.65	0.49	0.44	0.49	0.38	0.42	0.33	0.56	0.3	0.39	0.29
0.79	0.409	0.411	0.32	0.54	0.44	0.51	0.52	0.37	0.4	0.41	0.52	0.34	0.37	0.3
0.79	0.406	0.411	0.33	0.5	0.44	0.53	0.43	0.49	0.41	0.35	0.5	0.36	0.42	0.24
0.79	0.408	0.413	0.32	0.57	0.5	0.45	0.42	0.49	0.41	0.37	0.5	0.37	0.43	0.22
0.79	0.406	0.409	0.3	0.6	0.45	0.5	0.51	0.37	0.43	0.33	0.51	0.38	0.41	0.27
0.79	0.399	0.402	0.3	0.62	0.45	0.49	0.49	0.38	0.45	0.28	0.53	0.34	0.38	0.3
0.79	0.406	0.407	0.32	0.56	0.54	0.39	0.46	0.42	0.37	0.46	0.56	0.28	0.37	0.33
0.79	0.409	0.412	0.33	0.53	0.47	0.46	0.43	0.49	0.4	0.39	0.52	0.33	0.4	0.27
0.79	0.411	0.413	0.32	0.56	0.47	0.48	0.47	0.45	0.43	0.3	0.52	0.36	0.37	0.33
0.79	0.405	0.406	0.31	0.58	0.48	0.46	0.49	0.38	0.39	0.37	0.5	0.35	0.4	0.28
0.79	0.404	0.406	0.3	0.62	0.51	0.42	0.44	0.43	0.43	0.33	0.51	0.37	0.41	0.27
0.79	0.408	0.41	0.32	0.55	0.48	0.47	0.46	0.45	0.4	0.36	0.49	0.35	0.39	0.28
0.79	0.399	0.407	0.32	0.55	0.44	0.52	0.45	0.48	0.41	0.38	0.58	0.25	0.41	0.25
0.79	0.406	0.41	0.33	0.53	0.44	0.51	0.45	0.45	0.39	0.4	0.54	0.31	0.39	0.27
0.8	0.412	0.417	0.34	0.49	0.48	0.47	0.42	0.51	0.4	0.4	0.48	0.38	0.43	0.24
0.79	0.404	0.405	0.3	0.61	0.49	0.44	0.49	0.4	0.41	0.35	0.52	0.34	0.39	0.29
0.8	0.401	0.404	0.3	0.59	0.44	0.51	0.49	0.38	0.42	0.33	0.51	0.36	0.39	0.26
0.8	0.401	0.405	0.32	0.56	0.45	0.5	0.47	0.41	0.38	0.44	0.56	0.28	0.4	0.26
0.8	0.407	0.408	0.32	0.55	0.5	0.43	0.46	0.44	0.38	0.41	0.5	0.36	0.39	0.26
0.8	0.408	0.408	0.32	0.54	0.47	0.46	0.5	0.37	0.39	0.38	0.54	0.32	0.36	0.37
0.8	0.404	0.406	0.31	0.58	0.45	0.49	0.54	0.33	0.38	0.44	0.54	0.3	0.4	0.29
0.8	0.404	0.405	0.31	0.56	0.48	0.46	0.46	0.41	0.39	0.41	0.56	0.29	0.38	0.31
0.8	0.414	0.416	0.33	0.52	0.48	0.47	0.44	0.47	0.4	0.38	0.52	0.36	0.39	0.3
0.8	0.406	0.411	0.33	0.51	0.44	0.52	0.49	0.41	0.38	0.42	0.48	0.36	0.42	0.24
0.8	0.411	0.416	0.36	0.46	0.44	0.53	0.41	0.54	0.41	0.37	0.56	0.29	0.39	0.31
0.8	0.407	0.408	0.31	0.58	0.49	0.44	0.49	0.39	0.39	0.43	0.51	0.33	0.39	0.28
0.8	0.403	0.406	0.32	0.52	0.43	0.54	0.48	0.4	0.41	0.37	0.53	0.3	0.37	0.31
0.8	0.398	0.402	0.3	0.58	0.47	0.46	0.47	0.41	0.39	0.41	0.51	0.31	0.41	0.24
0.8	0.404	0.409	0.32	0.51	0.44	0.52	0.46	0.43	0.4	0.38	0.49	0.38	0.41	0.23
0.8	0.382	0.388	0.28	0.68	0.54	0.37	0.42	0.46	0.43	0.29	0.54	0.3	0.41	0.22
